       0       0       0
       1       0       1
       2       0   13664
       3    4241   24549
       4   19245   24365
       5   19217   24801
       6   19533   24871
       7   19734   25202
       8   20099   25727
       9   20398   26171
      10   20528   26597
      11   20789   27070
      12   21103   26974
      13   20947   27154
      14   21350   27311
      15   21573   27500
      16   21674   27482
      17   21771   27740
      18   22030   28206
      19   21974   28007
      20   22564   28420
      21   22894   29141
      22   22975   29429
      23   23109   29597
      24   23486   29639
      25   23423   29750
      26   23411   30276
      27   23601   30036
      28   23815   29907
      29   23658   30220
      30   23659   30586
      31   24017   30412
      32   24423   30158
      33   24456   30849
      34   24980   30792
      35   25153   31160
      36   25247   31121
      37   25962   31130
      38   26392   31752
      39   26690   32082
      40   27585   32190
      41   28202   33263
      42   29533   33848
      43   31208   35026
      44   32689   36249
      45   33290   37583
      46   33929   39644
      47   33742   41185
      48   32538   42572
      49   32064   42343
      50   31674   41389
      51   31781   40819
      52   31522   39583
      53   31486   38716
      54   31009   38394
      55   30468   38281
      56   30557   37781
      57   29945   37190
      58   29963   36619
      59   30408   35806
      60   30156   35516
      61   30346   35193
      62   30575   35211
      63   30966   35524
      64   31643   35675
      65   31647   35688
      66   31639   35777
      67   32272   35978
      68   32411   35988
      69   32358   36274
      70   32649   36302
      71   33066   36698
      72   33306   36783
      73   32966   37069
      74   33163   37527
      75   33289   37699
      76   33400   37872
      77   33528   37854
      78   33910   38038
      79   34149   38196
      80   33816   38122
      81   34117   38005
      82   33508   38590
      83   33888   38269
      84   34203   38354
      85   33745   38667
      86   34473   38721
      87   34693   39108
      88   34450   38810
      89   34620   39126
      90   34890   39332
      91   34966   38938
      92   35013   39097
      93   35104   39274
      94   35624   39468
      95   36174   39785
      96   37108   39852
      97   37820   40552
      98   38608   40733
      99   40088   40682
     100   41881   40847
     101   43304   41572
     102   44962   41903
     103   46568   42741
     104   49160   43390
     105   49750   44824
     106   51382   45841
     107   52411   47065
     108   53154   48703
     109   53029   50225
     110   53985   51556
     111   53551   53643
     112   52823   55984
     113   51243   57535
     114   50782   59556
     115   49703   60123
     116   49165   60628
     117   47688   61505
     118   46729   61814
     119   46481   61867
     120   45368   60734
     121   44250   60336
     122   43891   59886
     123   43542   58569
     124   43147   58127
     125   42163   56772
     126   41259   56324
     127   41218   55135
     128   40927   55073
     129   39592   53603
     130   39443   53493
     131   38837   52405
     132   38318   52066
     133   37456   50701
     134   37362   49936
     135   37206   50063
     136   36764   49054
     137   36096   48750
     138   35847   48685
     139   34993   47580
     140   35083   47127
     141   34572   46607
     142   34062   45930
     143   33930   45789
     144   33704   45200
     145   33315   44959
     146   32965   44112
     147   32521   44343
     148   32370   43726
     149   32048   43328
     150   31799   42968
     151   32190   42627
     152   31807   41947
     153   31095   41791
     154   31364   41738
     155   30884   41308
     156   30875   41031
     157   30568   41236
     158   30304   40444
     159   30149   40186
     160   30115   40184
     161   29998   39683
     162   29551   39646
     163   29599   39300
     164   29344   39250
     165   29168   38944
     166   29009   38546
     167   29057   38336
     168   28757   38182
     169   28203   38682
     170   28701   38314
     171   28280   38066
     172   28418   37912
     173   28228   37433
     174   28210   37443
     175   28070   37073
     176   28041   37077
     177   27738   37218
     178   27568   37133
     179   27662   36463
     180   27382   35962
     181   27391   36070
     182   27233   36099
     183   27467   35733
     184   27107   35687
     185   27159   35680
     186   26921   35541
     187   26874   35359
     188   27003   35434
     189   26837   35206
     190   26888   35296
     191   26749   35496
     192   26833   34835
     193   26629   35023
     194   26576   34868
     195   26301   34890
     196   26570   34485
     197   26241   34395
     198   25999   34493
     199   26494   34275
     200   26156   34309
     201   25998   34106
     202   26229   34413
     203   26277   34189
     204   26406   34363
     205   25891   34040
     206   26141   33530
     207   26323   33771
     208   26190   33808
     209   26179   33576
     210   26036   33590
     211   26032   33117
     212   26283   33316
     213   26207   33007
     214   26451   33278
     215   26595   32923
     216   26575   33378
     217   26192   33404
     218   26582   33225
     219   26801   33000
     220   26684   33232
     221   26870   33139
     222   26909   33036
     223   27111   33100
     224   27360   33112
     225   27261   32887
     226   26952   33264
     227   27233   33024
     228   27561   32710
     229   27767   33082
     230   27828   33040
     231   27959   32713
     232   28140   32838
     233   27824   33310
     234   27873   33246
     235   28360   33420
     236   28403   32891
     237   28548   33340
     238   28460   33467
     239   28418   33493
     240   28452   33444
     241   28218   33664
     242   27682   33550
     243   27557   33486
     244   27365   33681
     245   27031   33567
     246   26309   34012
     247   26288   33741
     248   25424   33931
     249   24901   33880
     250   24153   34166
     251   23365   34289
     252   22190   34432
     253   22056   34482
     254   21024   34532
     255   20246   34512
     256   19451   35095
     257   18489   35070
     258   17893   34949
     259   17286   34658
     260   16326   34830
     261   15731   34279
     262   15492   34102
     263   14880   33691
     264   14262   33586
     265   13875   33023
     266   13424   32867
     267   12729   32267
     268   12535   31595
     269   12128   30835
     270   11927   30185
     271   11627   29511
     272   11467   28199
     273   11197   27579
     274   10943   27050
     275   10806   25920
     276   10410   24562
     277   10362   24120
     278   10286   23188
     279   10062   22018
     280    9893   21368
     281    9762   20370
     282    9281   19744
     283    9207   19137
     284    9286   18281
     285    9058   17890
     286    9051   17381
     287    8946   16703
     288    8824   16188
     289    8752   15569
     290    8590   15261
     291    8430   14778
     292    8360   14324
     293    8379   14072
     294    8169   13824
     295    8027   13380
     296    8257   13008
     297    7888   12811
     298    8025   12396
     299    7998   12283
     300    7946   12023
     301    7888   11868
     302    7935   11518
     303    7928   11311
     304    7909   11037
     305    7875   10849
     306    7944   10795
     307    7865   10538
     308    7809   10561
     309    7776   10174
     310    7893   10313
     311    7908   10092
     312    7913   10168
     313    7864    9912
     314    7886    9745
     315    7889    9632
     316    7850    9512
     317    7793    9215
     318    7903    9420
     319    7821    9250
     320    8052    9031
     321    7998    9278
     322    8138    9128
     323    8351    9063
     324    8483    8808
     325    8527    8864
     326    8840    8920
     327    9192    8881
     328    9668    8766
     329   10156    8888
     330   10780    8772
     331   11721    8909
     332   12924    8881
     333   14156    8845
     334   16076    8759
     335   18163    8830
     336   20750    8761
     337   23651    8977
     338   27170    9009
     339   31049    8985
     340   36160    9253
     341   41880    9120
     342   47725    9485
     343   55307    9309
     344   63296    9580
     345   71844    9807
     346   81192   10190
     347   91665   10416
     348  102089   10889
     349  112997   11192
     350  125744   11870
     351  136923   13021
     352  149245   13635
     353  159793   14907
     354  170831   16247
     355  181355   17838
     356  190476   19740
     357  198660   22042
     358  205276   24556
     359  209200   27527
     360  213542   30883
     361  215056   35038
     362  215436   39518
     363  214290   44540
     364  210495   50953
     365  205460   57333
     366  198660   64250
     367  190426   71534
     368  181048   80318
     369  169841   89733
     370  158333   99504
     371  145871  110061
     372  132862  121224
     373  120918  132476
     374  108497  144423
     375   97686  156057
     376   85957  167758
     377   75003  179906
     378   65444  192234
     379   56213  203674
     380   48851  214987
     381   41074  224866
     382   34703  234830
     383   29603  241097
     384   24708  248841
     385   20020  255693
     386   16277  260096
     387   13511  261244
     388   10800  262365
     389    8763  262021
     390    7067  258419
     391    5558  253450
     392    4535  248009
     393    3570  241714
     394    2869  232815
     395    2315  223740
     396    1841  211966
     397    1551  200681
     398    1330  187537
     399    1167  175446
     400    1036  162811
     401     897  149610
     402     803  136641
     403     707  124019
     404     682  111771
     405     625  100423
     406     658   89685
     407     620   79791
     408     631   69701
     409     590   60804
     410     582   52845
     411     602   45831
     412     579   39269
     413     604   33555
     414     549   28444
     415     574   24155
     416     620   20027
     417     608   17008
     418     606   14386
     419     585   11767
     420     593    9653
     421     612    8164
     422     552    6707
     423     544    5522
     424     610    4595
     425     581    3896
     426     588    3237
     427     545    2807
     428     534    2282
     429     569    2001
     430     542    1707
     431     552    1532
     432     516    1400
     433     489    1252
     434     547    1103
     435     528    1019
     436     532     984
     437     500     929
     438     512     863
     439     521     869
     440     512     874
     441     501     831
     442     512     820
     443     480     804
     444     514     757
     445     491     811
     446     473     757
     447     499     801
     448     517     831
     449     514     776
     450     493     795
     451     474     844
     452     499     736
     453     468     819
     454     512     747
     455     454     752
     456     512     724
     457     456     763
     458     461     748
     459     425     744
     460     485     773
     461     456     736
     462     476     737
     463     477     755
     464     471     728
     465     495     733
     466     456     696
     467     492     728
     468     472     726
     469     441     710
     470     481     670
     471     474     676
     472     495     702
     473     493     730
     474     480     675
     475     440     680
     476     447     666
     477     427     679
     478     434     710
     479     448     714
     480     460     693
     481     476     645
     482     427     675
     483     422     719
     484     439     630
     485     427     703
     486     453     679
     487     444     714
     488     455     637
     489     423     649
     490     487     667
     491     465     646
     492     412     589
     493     467     628
     494     428     647
     495     455     592
     496     423     617
     497     415     712
     498     418     643
     499     438     617
     500     457     666
     501     450     666
     502     425     669
     503     409     634
     504     392     639
     505     405     648
     506     417     641
     507     357     636
     508     371     640
     509     390     635
     510     382     623
     511     336     649
     512     410     627
     513     362     623
     514     373     591
     515     378     628
     516     387     623
     517     355     575
     518     370     633
     519     357     580
     520     390     615
     521     349     562
     522     357     564
     523     354     585
     524     348     607
     525     364     681
     526     335     596
     527     341     649
     528     381     542
     529     357     573
     530     320     599
     531     327     569
     532     347     569
     533     336     570
     534     297     601
     535     318     569
     536     306     520
     537     322     510
     538     295     547
     539     305     543
     540     299     530
     541     293     540
     542     304     524
     543     288     563
     544     301     534
     545     235     555
     546     280     584
     547     280     554
     548     253     546
     549     289     557
     550     276     505
     551     250     509
     552     267     499
     553     253     515
     554     238     492
     555     259     490
     556     283     484
     557     265     476
     558     246     524
     559     258     488
     560     250     455
     561     265     439
     562     248     435
     563     203     464
     564     246     488
     565     240     442
     566     233     476
     567     231     459
     568     236     441
     569     234     437
     570     220     424
     571     227     436
     572     253     434
     573     221     445
     574     202     395
     575     224     432
     576     230     394
     577     219     389
     578     245     388
     579     222     425
     580     231     436
     581     234     407
     582     235     406
     583     230     359
     584     242     404
     585     255     355
     586     236     410
     587     247     405
     588     238     402
     589     204     419
     590     210     380
     591     232     366
     592     217     358
     593     228     370
     594     212     363
     595     214     379
     596     233     340
     597     250     344
     598     227     337
     599     247     349
     600     230     361
     601     222     310
     602     218     358
     603     210     325
     604     208     357
     605     230     364
     606     251     348
     607     259     354
     608     208     345
     609     241     327
     610     217     335
     611     211     351
     612     221     326
     613     203     278
     614     226     315
     615     207     347
     616     217     290
     617     201     318
     618     217     298
     619     210     287
     620     192     316
     621     195     344
     622     178     310
     623     177     314
     624     203     313
     625     202     310
     626     221     291
     627     195     333
     628     204     295
     629     193     314
     630     203     307
     631     199     284
     632     232     307
     633     175     313
     634     174     338
     635     169     317
     636     181     300
     637     163     290
     638     160     300
     639     158     290
     640     154     312
     641     170     323
     642     160     297
     643     161     274
     644     159     251
     645     178     298
     646     164     265
     647     174     290
     648     160     281
     649     164     244
     650     164     290
     651     157     246
     652     140     287
     653     150     276
     654     142     251
     655     169     257
     656     176     255
     657     177     227
     658     161     299
     659     156     283
     660     166     249
     661     158     224
     662     135     289
     663     167     274
     664     171     271
     665     160     257
     666     142     253
     667     152     248
     668     151     256
     669     153     250
     670     172     245
     671     150     237
     672     151     251
     673     168     235
     674     161     219
     675     130     211
     676     150     247
     677     129     257
     678     143     240
     679     154     242
     680     171     202
     681     153     234
     682     134     226
     683     152     219
     684     151     221
     685     132     233
     686     159     210
     687     154     216
     688     164     213
     689     147     212
     690     144     217
     691     159     193
     692     121     220
     693     151     228
     694     140     191
     695     141     216
     696     163     196
     697     138     191
     698     157     239
     699     169     225
     700     141     204
     701     158     235
     702     152     200
     703     133     221
     704     159     189
     705     142     186
     706     157     204
     707     145     181
     708     163     204
     709     167     195
     710     149     191
     711     161     180
     712     145     191
     713     151     186
     714     156     189
     715     175     190
     716     156     186
     717     162     222
     718     150     187
     719     158     197
     720     135     194
     721     134     199
     722     131     193
     723     154     188
     724     140     198
     725     161     226
     726     140     219
     727     153     226
     728     153     216
     729     139     210
     730     160     214
     731     140     204
     732     135     214
     733     127     217
     734     130     198
     735     121     217
     736     130     193
     737     106     224
     738     130     207
     739     126     220
     740     106     196
     741     104     198
     742     113     190
     743     107     194
     744      90     232
     745      91     204
     746      85     214
     747     102     210
     748      87     194
     749      94     233
     750      87     220
     751      94     209
     752      95     191
     753     100     222
     754      89     213
     755      88     198
     756      93     238
     757      97     189
     758      85     248
     759     102     224
     760      77     220
     761     109     258
     762     109     236
     763      95     212
     764     113     228
     765     105     225
     766     112     224
     767     110     263
     768     118     218
     769     122     203
     770     125     257
     771     132     234
     772     152     208
     773     138     207
     774     149     182
     775     173     229
     776     157     242
     777     182     211
     778     190     202
     779     153     231
     780     178     209
     781     202     194
     782     156     212
     783     172     197
     784     171     211
     785     187     207
     786     220     197
     787     200     182
     788     198     167
     789     211     169
     790     201     156
     791     182     155
     792     216     158
     793     189     144
     794     210     144
     795     220     135
     796     199     160
     797     193     127
     798     207     130
     799     186     155
     800     195     122
     801     149     121
     802     191     119
     803     168     134
     804     166     107
     805     155     118
     806     156     119
     807     138     103
     808     151      96
     809     142     125
     810     109     114
     811     111      97
     812     112      97
     813     125     113
     814     103     115
     815     114     112
     816     119     107
     817      90      91
     818      86     103
     819      96      93
     820      72      89
     821      79      99
     822      74      91
     823      94     120
     824      73     116
     825      74     107
     826      64     110
     827      65     117
     828      63     131
     829      53     129
     830      53     104
     831      49     111
     832      47     116
     833      41     109
     834      49     114
     835      43     125
     836      36     114
     837      45     124
     838      49     132
     839      35     132
     840      39     149
     841      40     142
     842      36     147
     843      51     143
     844      42     158
     845      41     130
     846      41     150
     847      39     130
     848      44     153
     849      40     133
     850      40     139
     851      46     148
     852      39     136
     853      50     139
     854      36     108
     855      55     149
     856      37     134
     857      37     141
     858      25     111
     859      35     118
     860      46     126
     861      45     140
     862      45     113
     863      44     122
     864      30     107
     865      41     104
     866      41     129
     867      49     115
     868      42     105
     869      51      97
     870      34     103
     871      29     129
     872      31      86
     873      23      73
     874      41      82
     875      34      79
     876      26      94
     877      31      67
     878      25      78
     879      36      80
     880      36      70
     881      26      68
     882      37      69
     883      22      63
     884      42      65
     885      28      49
     886      33      56
     887      30      50
     888      24      59
     889      31      62
     890      36      49
     891      29      51
     892      29      44
     893      21      42
     894      33      51
     895      32      44
     896      30      45
     897      30      51
     898      38      40
     899      36      42
     900      31      37
     901      31      41
     902      39      40
     903      36      32
     904      27      29
     905      36      37
     906      41      39
     907      29      44
     908      29      34
     909      28      30
     910      38      24
     911      31      40
     912      25      28
     913      31      33
     914      27      37
     915      35      36
     916      35      32
     917      22      34
     918      45      38
     919      35      30
     920      34      35
     921      39      26
     922     150      24
     923    4186      27
     924    3431      24
     925    2211      32
     926    1321      30
     927     570      36
     928     259      32
     929     107      41
     930      59      29
     931      18      36
     932      10      33
     933       4      24
     934       5      38
     935       4      29
     936       4      25
     937       1      30
     938       0      27
     939       5      36
     940       1      27
     941       3      37
     942       3      25
     943       0      33
     944       2      21
     945       0       0
     946       0       0
     947       0       0
     948       0       0
     949       0       0
     950       0       0
     951       0       0
     952       0       0
     953       0       0
     954       0       0
     955       0       0
     956       0       0
     957       0       0
     958       0       0
     959       0       0
     960       0       0
     961       0       0
     962       0       0
     963       0       0
     964       0       0
     965       0       0
     966       0       0
     967       0       0
     968       0       0
     969       0       0
     970       0       0
     971       0       0
     972       0       0
     973       0       0
     974       0       0
     975       0       0
     976       0       0
     977       0       0
     978       0       0
     979       0       0
     980       0       0
     981       0       0
     982       0       0
     983       0       0
     984       0       0
     985       0       0
     986       0       0
     987       0       0
     988       0       0
     989       0       0
     990       0       0
     991       0       0
     992       0       0
     993       0       0
     994       0       0
     995       0       0
     996       0       0
     997       0       0
     998       0       0
     999       0       0
    1000       0       0
    1001       0       0
    1002       0       0
    1003       0       0
    1004       0       0
    1005       0       0
    1006       0       0
    1007       0       0
    1008       0       0
    1009       0       0
    1010       0       0
    1011       0       0
    1012       0       0
    1013       0       0
    1014       0       0
    1015       0       0
    1016       0       0
    1017       0       0
    1018       0       0
    1019       0       0
    1020       0       0
    1021       0       0
    1022       0       0
    1023       0       0
