       0       0       0
       1       0       0
       2       0       0
       3       0       0
       4       0       4
       5       0      63
       6       0      87
       7      22      85
       8      56      82
       9      53     106
      10      73     104
      11      69     152
      12      70     174
      13      95     203
      14     106     232
      15     140     227
      16     140     237
      17     164     258
      18     179     225
      19     165     282
      20     189     290
      21     199     294
      22     217     266
      23     196     277
      24     196     261
      25     195     294
      26     223     289
      27     196     244
      28     204     261
      29     197     263
      30     180     250
      31     192     229
      32     205     236
      33     201     204
      34     201     231
      35     189     205
      36     195     239
      37     180     181
      38     178     218
      39     145     253
      40     163     201
      41     171     238
      42     158     224
      43     159     241
      44     149     257
      45     152     257
      46     143     295
      47     152     294
      48     154     262
      49     156     245
      50     140     190
      51     164     176
      52     160     154
      53     137     144
      54     170     136
      55     168     123
      56     178     126
      57     171     122
      58     149     129
      59     116     108
      60     127     105
      61     114     118
      62     102     119
      63     106     121
      64      84     114
      65      88     100
      66      89     118
      67      92     102
      68      85      90
      69      78      95
      70      66      93
      71      75      78
      72      69      70
      73      51      86
      74      66      80
      75      67      57
      76      67      62
      77      73      59
      78      57      58
      79      68      51
      80      58      70
      81      73      71
      82      65      55
      83      66      67
      84      42      61
      85      52      43
      86      43      63
      87      52      61
      88      49      60
      89      40      46
      90      40      44
      91      50      59
      92      42      62
      93      36      46
      94      42      49
      95      33      62
      96      34      53
      97      37      71
      98      32      67
      99      41      80
     100      30      70
     101      28      52
     102      33      63
     103      30      69
     104      46      65
     105      28      68
     106      32      59
     107      21      65
     108      32      51
     109      31      57
     110      43      67
     111      34      69
     112      25      90
     113      32      90
     114      37      68
     115      45      74
     116      38      66
     117      31      71
     118      42      59
     119      44      63
     120      33      53
     121      36      39
     122      38      39
     123      37      27
     124      31      28
     125      50      36
     126      36      30
     127      33      20
     128      39      28
     129      37      22
     130      40      27
     131      43      26
     132      44      32
     133      52      30
     134      36      23
     135      48      28
     136      42      41
     137      42      27
     138      42      23
     139      55      28
     140      53      22
     141      51      33
     142      51      30
     143      29      40
     144      17      23
     145      29      23
     146      21      30
     147      27      28
     148      21      26
     149      25      15
     150      14      23
     151      16      23
     152      10      17
     153      15      19
     154      12      24
     155      10      26
     156      14      30
     157      20      25
     158      14      27
     159      11      17
     160      14      18
     161      13      29
     162      18      19
     163      13      29
     164      15      19
     165      17      15
     166      17      32
     167      17      21
     168      24      25
     169      12      18
     170      19      30
     171      12      20
     172      15      29
     173      19      23
     174      15      27
     175      16      21
     176      20      38
     177      19      41
     178      20      34
     179      20      22
     180      14      39
     181       7      24
     182      12      33
     183      12      40
     184      13      25
     185      10      25
     186      10      30
     187      14      35
     188       9      28
     189      12      21
     190      15      20
     191      16      19
     192      15      23
     193      12      25
     194       9      23
     195       9      13
     196      11      22
     197      14       9
     198      18      11
     199      16      10
     200      15      10
     201      14      12
     202      12       9
     203      10       8
     204      17       8
     205      16       7
     206      15       6
     207      12       6
     208      16       7
     209      14       8
     210      17      13
     211      15      11
     212      22       9
     213      16       5
     214      23       6
     215      21       7
     216      29       9
     217      19       6
     218      13       5
     219      24       8
     220      18       7
     221      13       7
     222      17       8
     223       9       6
     224      17       8
     225      24       6
     226      13      11
     227      11       7
     228      12       6
     229      16       4
     230      16      13
     231      11       2
     232      11       5
     233       9       6
     234      11       8
     235      12      11
     236      12       5
     237      10       9
     238       5       7
     239      12       2
     240       6       8
     241      10       8
     242      10       5
     243       5       5
     244       5       5
     245       1       6
     246       8      11
     247       4       5
     248       2       6
     249       4       5
     250       3       6
     251       2       6
     252       2       5
     253       5       7
     254       8       6
     255       8       2
     256       5       5
     257       7       5
     258       3      10
     259       4       8
     260       9       6
     261       9       5
     262       5       8
     263       2       5
     264       7       5
     265       5       9
     266       3       3
     267       3       4
     268       9      10
     269       5      11
     270       4       7
     271       2       4
     272       5       8
     273       3       3
     274       4      12
     275       5       7
     276       6      10
     277       5       8
     278       4       2
     279       3       7
     280       2      12
     281       6       6
     282       5      10
     283       4       4
     284       4      10
     285       2       7
     286       5       7
     287       5      11
     288       5      11
     289       4       6
     290       3       7
     291       3       5
     292       4       8
     293       4      10
     294       4       6
     295       6       8
     296       3      10
     297       8       8
     298       5       5
     299       4       5
     300       6       5
     301       2       7
     302       2       4
     303       8       6
     304       4       5
     305      10       4
     306       2       6
     307       5      10
     308       6       5
     309       4       4
     310       1       6
     311       1       5
     312       5       9
     313       2       9
     314       3       3
     315       2       7
     316       2       6
     317       2       4
     318       1       6
     319       3       6
     320       5       3
     321       0       6
     322       5       6
     323       2       4
     324       7       8
     325       4       8
     326       6       6
     327       3       3
     328       2       4
     329       2       3
     330       7       3
     331       4       2
     332       8       4
     333      10       6
     334       5       3
     335       2       2
     336       4       4
     337       4       2
     338       7       3
     339       6       5
     340       2       5
     341       8       6
     342      10       2
     343       3       1
     344      10       4
     345       5       5
     346       4       3
     347       7       2
     348       8       4
     349       6       2
     350       3       7
     351       3       4
     352       8       4
     353       5       1
     354       9       5
     355       6       1
     356       6       6
     357      10       4
     358       4       2
     359       7       4
     360       0       2
     361       2       4
     362       3       0
     363       3       2
     364       4       1
     365       6       6
     366       5       2
     367       4       4
     368       7       2
     369       8       5
     370       4       3
     371       6       4
     372       1       4
     373       1       0
     374       2       4
     375       2       6
     376       3       4
     377       6       1
     378       3       1
     379       2       2
     380       5       4
     381       5       4
     382       3       4
     383       1       2
     384       0       2
     385       4       1
     386       3       1
     387       5       5
     388       2       2
     389       4       1
     390       3       2
     391       3       4
     392       1       4
     393       5       3
     394       8       4
     395       1       5
     396       3       3
     397       2       3
     398       2       0
     399       1       4
     400       4       3
     401       0       5
     402       2       1
     403       1       6
     404       3       6
     405       3       3
     406       2       7
     407       3       5
     408       2       5
     409       2       0
     410       0       4
     411       0       2
     412       5       5
     413       3       4
     414       4       6
     415       1       3
     416       2       4
     417       3       3
     418       1       7
     419       1       4
     420       3       1
     421       2       3
     422       2       5
     423       1       3
     424       4       7
     425       0       5
     426       6       3
     427       2       4
     428       0       6
     429       0       2
     430       3       1
     431       0       3
     432       3       4
     433       4       3
     434       2       2
     435       2       2
     436       1       3
     437       3       6
     438       1       1
     439       0       1
     440       2       7
     441       1       5
     442       2       2
     443       2       2
     444       0       3
     445       0       6
     446       3       4
     447       1       2
     448       0       5
     449       1       1
     450       1       2
     451       1       4
     452       2       3
     453       2       5
     454       3       2
     455       0       1
     456       2       2
     457       1       2
     458       0       2
     459       2       1
     460       1       2
     461       3       1
     462       1       2
     463       1       2
     464       1       3
     465       1       3
     466       0       2
     467       2       4
     468       3       3
     469       0       4
     470       3       1
     471       2       3
     472       3       3
     473       1       3
     474       2       2
     475       3       1
     476       0       4
     477       1       3
     478       2       2
     479       1       3
     480       2       3
     481       2       2
     482       4       3
     483       4       2
     484       2       3
     485       1       0
     486       2       1
     487       2       2
     488       1       2
     489       1       0
     490       3       3
     491       5       4
     492       4       3
     493       1       0
     494       1       3
     495       4       0
     496       4       1
     497       1       4
     498       3       3
     499       7       1
     500       4       5
     501       2       5
     502       2       3
     503       4       8
     504       2       5
     505       2       4
     506       2       6
     507       4       5
     508       2       8
     509       0       8
     510       2       6
     511       1       8
     512       5       4
     513       1       9
     514       2       4
     515       3       7
     516       3      10
     517       4      11
     518       0       9
     519       1       9
     520       1       3
     521       4       6
     522       3       8
     523       0       5
     524       4      10
     525       4      13
     526       0       7
     527       1       4
     528       2       0
     529       2       2
     530       1       6
     531       3       6
     532       0       4
     533       0       1
     534       0       0
     535       2       1
     536       1       3
     537       1       0
     538       1       0
     539       4       4
     540       1       0
     541       0       0
     542       4       1
     543       3       0
     544       1       1
     545       6       2
     546       3       0
     547       2       2
     548       2       0
     549       3       0
     550       3       1
     551       1       0
     552       3       0
     553       3       0
     554       2       0
     555       0       0
     556       0       0
     557       3       1
     558       0       0
     559       1       1
     560       5       0
     561       2       0
     562       1       0
     563       0       0
     564       1       0
     565       3       1
     566       0       1
     567       0       0
     568       2       0
     569       0       0
     570       0       1
     571       3       0
     572       0       1
     573       0       0
     574       2       0
     575       2       0
     576       0       1
     577       2       0
     578       2       0
     579       1       0
     580       1       0
     581       5       0
     582       1       0
     583       3       0
     584       1       0
     585       1       1
     586       1       0
     587       1       0
     588       4       0
     589       2       0
     590       3       1
     591       2       0
     592       3       0
     593       1       1
     594       2       0
     595       1       0
     596       2       1
     597       0       0
     598       1       0
     599       5       0
     600       4       0
     601       3       0
     602       0       0
     603       0       0
     604       0       0
     605       1       0
     606       1       0
     607       1       0
     608       1       0
     609       1       0
     610       4       0
     611       3       1
     612       1       0
     613       2       0
     614       0       0
     615       3       1
     616       3       0
     617       4       0
     618       3       0
     619       1       0
     620       5       0
     621       3       0
     622       1       1
     623       5       0
     624       3       0
     625       2       0
     626       5       0
     627       1       1
     628       1       0
     629       8       0
     630       4       0
     631       3       0
     632       7       0
     633       0       0
     634       4       0
     635       4       1
     636       5       0
     637       2       0
     638       2       1
     639       4       1
     640       5       0
     641       1       0
     642       5       0
     643       2       0
     644       1       0
     645       3       1
     646       0       0
     647       3       0
     648       2       1
     649       1       0
     650       0       0
     651       1       1
     652       1       0
     653       1       0
     654       1       0
     655       0       0
     656       2       0
     657       1       0
     658       0       0
     659       0       0
     660       0       0
     661       0       0
     662       0       1
     663       1       0
     664       0       0
     665       2       0
     666       0       0
     667       0       0
     668       0       0
     669       0       0
     670       0       0
     671       0       0
     672       0       0
     673       0       0
     674       0       0
     675       0       0
     676       0       0
     677       0       1
     678       0       0
     679       0       0
     680       0       0
     681       1       0
     682       0       0
     683       0       1
     684       0       0
     685       0       0
     686       0       0
     687       0       0
     688       0       0
     689       0       0
     690       0       0
     691       0       0
     692       0       0
     693       0       0
     694       0       0
     695       0       1
     696       0       0
     697       0       0
     698       0       0
     699       0       0
     700       0       0
     701       0       0
     702       0       0
     703       0       0
     704       1       0
     705       0       0
     706       1       0
     707       0       0
     708       0       0
     709       1       0
     710       0       0
     711       0       0
     712       0       0
     713       0       0
     714       0       0
     715       0       0
     716       0       0
     717       0       0
     718       0       0
     719       0       0
     720       0       0
     721       0       0
     722       0       0
     723       0       0
     724       0       0
     725       1       0
     726       0       0
     727       0       0
     728       0       0
     729       0       0
     730       0       0
     731       0       0
     732       0       0
     733       0       0
     734       0       0
     735       0       0
     736       0       0
     737       0       0
     738       0       0
     739       0       0
     740       0       0
     741       0       0
     742       0       0
     743       0       0
     744       0       0
     745       0       0
     746       0       0
     747       0       0
     748       0       0
     749       0       0
     750       0       0
     751       0       0
     752       0       0
     753       1       0
     754       0       0
     755       0       0
     756       0       0
     757       0       0
     758       0       0
     759       0       0
     760       0       0
     761       0       0
     762       1       0
     763       0       0
     764       0       0
     765       0       0
     766       0       0
     767       0       0
     768       0       0
     769       0       0
     770       0       0
     771       0       0
     772       0       0
     773       0       0
     774       0       0
     775       0       0
     776       0       0
     777       0       0
     778       0       0
     779       1       0
     780       0       0
     781       0       0
     782       0       0
     783       0       0
     784       0       0
     785       0       1
     786       0       0
     787       0       0
     788       0       0
     789       1       0
     790       0       0
     791       0       0
     792       0       0
     793       0       0
     794       0       0
     795       0       0
     796       0       0
     797       0       0
     798       0       0
     799       0       0
     800       0       0
     801       0       0
     802       0       0
     803       0       0
     804       0       0
     805       0       0
     806       0       0
     807       0       0
     808       0       0
     809       0       0
     810       0       0
     811       0       0
     812       0       0
     813       0       0
     814       0       0
     815       0       0
     816       0       0
     817       0       0
     818       0       0
     819       0       0
     820       0       0
     821       0       0
     822       0       0
     823       0       0
     824       0       0
     825       0       0
     826       0       0
     827       0       0
     828       0       0
     829       0       0
     830       0       0
     831       0       0
     832       0       0
     833       0       0
     834       0       0
     835       0       0
     836       0       0
     837       0       0
     838       0       0
     839       0       0
     840       0       0
     841       0       0
     842       0       0
     843       0       0
     844       0       0
     845       0       0
     846       0       0
     847       0       0
     848       0       0
     849       0       0
     850       0       0
     851       0       0
     852       0       0
     853       0       0
     854       0       0
     855       0       0
     856       0       0
     857       0       0
     858       0       0
     859       0       0
     860       0       0
     861       0       0
     862       0       0
     863       0       0
     864       0       0
     865       0       0
     866       0       0
     867       0       0
     868       0       0
     869       0       0
     870       0       0
     871       0       0
     872       0       0
     873       0       0
     874       0       0
     875       0       0
     876       0       0
     877       0       0
     878       0       0
     879       0       0
     880       0       0
     881       0       0
     882       0       0
     883       0       0
     884       0       0
     885       0       0
     886       0       0
     887       0       0
     888       0       0
     889       0       0
     890       0       0
     891       0       1
     892       0       0
     893       0       0
     894       0       0
     895       0       0
     896       0       0
     897       0       0
     898       0       0
     899       0       0
     900       0       0
     901       0       0
     902       0       0
     903       0       1
     904       0       0
     905       0       0
     906       0       0
     907       0       0
     908       0       0
     909       0       0
     910       0       0
     911       0       0
     912       0       0
     913       0       0
     914       0       0
     915       0       0
     916       0       0
     917       0       0
     918       0       0
     919       0       0
     920       0       0
     921       0       0
     922       0       0
     923       0       0
     924       0       0
     925       0       0
     926       0       0
     927       0       0
     928       0       0
     929       0       0
     930       0       0
     931       0       0
     932       0       0
     933       0       0
     934       0       0
     935       0       0
     936       0       0
     937       0       0
     938       0       0
     939       0       0
     940       0       0
     941       0       0
     942       0       0
     943       0       0
     944       0       0
     945       0       0
     946       0       0
     947       0       0
     948       0       0
     949       0       0
     950       0       0
     951       0       0
     952       0       0
     953       0       0
     954       0       0
     955       0       0
     956       0       0
     957       0       0
     958       0       0
     959       0       0
     960       0       0
     961       0       0
     962       0       0
     963       0       0
     964       0       0
     965       0       0
     966       0       0
     967       0       0
     968       0       0
     969       0       0
     970       0       0
     971       0       0
     972       0       0
     973       0       0
     974       0       0
     975       1       0
     976       0       0
     977       0       0
     978       0       0
     979       0       0
     980       0       0
     981       0       0
     982       0       0
     983       0       0
     984       0       0
     985       0       0
     986       0       0
     987       0       0
     988       0       0
     989       0       0
     990       0       0
     991       0       0
     992       0       0
     993       0       0
     994       0       0
     995       0       0
     996       0       0
     997       0       0
     998       0       0
     999       0       0
    1000       0       0
    1001       0       0
    1002       0       0
    1003       0       0
    1004       0       0
    1005       0       0
    1006       0       0
    1007       0       0
    1008       0       0
    1009       0       0
    1010       0       0
    1011       0       0
    1012       0       0
    1013       0       0
    1014       0       0
    1015       0       0
    1016       0       0
    1017       0       0
    1018       0       0
    1019       0       0
    1020       0       0
    1021       0       0
    1022       0       0
    1023       0       0
