       0       0       0
       1       0       0
       2       0       0
       3       0       0
       4       0       6
       5       0     235
       6       0     263
       7      70     272
       8     160     252
       9     175     269
      10     173     326
      11     229     471
      12     228     584
      13     257     605
      14     321     679
      15     437     675
      16     430     756
      17     469     791
      18     503     862
      19     542     830
      20     588     817
      21     606     846
      22     646     783
      23     589     809
      24     630     826
      25     669     822
      26     651     811
      27     595     843
      28     631     843
      29     596     753
      30     597     745
      31     606     738
      32     634     744
      33     589     705
      34     561     672
      35     551     738
      36     539     698
      37     545     659
      38     516     679
      39     509     699
      40     469     714
      41     486     696
      42     459     744
      43     448     780
      44     457     780
      45     441     864
      46     436     862
      47     439     902
      48     430     786
      49     467     720
      50     464     609
      51     435     470
      52     480     490
      53     490     436
      54     542     375
      55     513     411
      56     586     356
      57     484     405
      58     486     363
      59     439     355
      60     415     379
      61     343     323
      62     345     329
      63     259     332
      64     293     342
      65     280     343
      66     274     350
      67     249     331
      68     252     331
      69     258     261
      70     239     296
      71     248     274
      72     243     239
      73     239     201
      74     206     211
      75     225     207
      76     213     179
      77     213     188
      78     212     172
      79     213     155
      80     197     188
      81     212     178
      82     208     179
      83     177     200
      84     189     156
      85     189     174
      86     144     163
      87     141     174
      88     134     177
      89     132     159
      90     113     188
      91     138     155
      92     119     157
      93     106     175
      94     108     183
      95     106     201
      96     100     180
      97     112     169
      98     109     198
      99     122     210
     100     104     212
     101     101     192
     102      99     170
     103     113     186
     104     112     183
     105      95     181
     106      96     196
     107     120     195
     108      94     193
     109     116     196
     110     116     220
     111     104     222
     112     106     227
     113     102     244
     114      93     236
     115     113     224
     116      97     264
     117     116     216
     118     114     208
     119     116     199
     120     123     153
     121     112     123
     122     118     129
     123     105     120
     124     110      82
     125     112      75
     126     114      73
     127     110      87
     128     126      78
     129     109      78
     130     113      64
     131     114      91
     132     108      89
     133     138      73
     134     149      79
     135     115      81
     136     152      78
     137     137      96
     138     156      92
     139     119      78
     140     144      85
     141     153      98
     142     123      84
     143     113      80
     144     104      75
     145      80      70
     146      77      91
     147      86      76
     148      74      85
     149      60      74
     150      62      92
     151      66      80
     152      56      77
     153      48      74
     154      53      74
     155      49      70
     156      54      80
     157      42      67
     158      42      71
     159      53      67
     160      53      68
     161      45      70
     162      53      80
     163      58      61
     164      58      86
     165      45      74
     166      44      54
     167      50      67
     168      55      68
     169      52      85
     170      65      85
     171      39      85
     172      61      91
     173      58      92
     174      49      95
     175      42     105
     176      52     106
     177      53      90
     178      53     112
     179      56      98
     180      38     106
     181      44     105
     182      49     119
     183      53      98
     184      41     111
     185      37      92
     186      42      74
     187      47      84
     188      42      75
     189      60      79
     190      36      90
     191      33      59
     192      33      69
     193      35      57
     194      42      50
     195      32      42
     196      49      41
     197      39      42
     198      40      31
     199      35      28
     200      53      21
     201      50      33
     202      41      18
     203      48      26
     204      56      29
     205      50      25
     206      44      24
     207      39      22
     208      42      27
     209      47      19
     210      64      23
     211      47      20
     212      64      26
     213      59      30
     214      61      24
     215      62      31
     216      64      32
     217      51      30
     218      59      25
     219      58      21
     220      55      26
     221      49      22
     222      53      36
     223      58      25
     224      67      20
     225      40      30
     226      60      18
     227      57      26
     228      37      19
     229      46      27
     230      40      22
     231      39      22
     232      39      21
     233      45      27
     234      33      22
     235      43      20
     236      29      23
     237      42      28
     238      27      20
     239      18      16
     240      15      30
     241      13      22
     242      27      22
     243      26      17
     244      24      27
     245      10      16
     246      24      17
     247      13      21
     248      14      12
     249      23      20
     250      16      12
     251      16      11
     252      16      16
     253      24      13
     254      18      14
     255      10      15
     256      15      24
     257      17      10
     258      14      15
     259      18      14
     260      16      12
     261      15      19
     262      14      13
     263      11      19
     264      19      18
     265      22      13
     266      10      24
     267      12      16
     268      15      16
     269      20      21
     270      12      31
     271      18      16
     272      14      27
     273      15      21
     274      11      15
     275      17      21
     276      12      23
     277      15      19
     278      18      19
     279      13      34
     280      21      28
     281      11      26
     282       9      26
     283      16      20
     284      20      23
     285      12      24
     286       8      20
     287      11      26
     288      13      27
     289      12      26
     290      13      35
     291      10      29
     292      16      32
     293      14      35
     294      15      26
     295      13      21
     296      15      30
     297      13      30
     298       8      16
     299      11      23
     300      11      21
     301      14      16
     302       9      14
     303      17      21
     304       9      16
     305      17      20
     306       8      22
     307       5      19
     308       9      11
     309       9      16
     310      11      17
     311       6      19
     312      11      17
     313      15      19
     314      11      26
     315      14      17
     316      12      13
     317      12      17
     318      14      25
     319       7      15
     320      11      17
     321      13      21
     322       9      14
     323      20       8
     324      10      21
     325      11      20
     326      11      15
     327      15      15
     328      21      17
     329      14       6
     330       7      11
     331      11       9
     332      14      12
     333      14      16
     334      11      10
     335      19      11
     336      21      15
     337      19       9
     338      21      10
     339      12      16
     340      24       6
     341      18      15
     342      17       9
     343      15      10
     344      25      12
     345      10       9
     346      32      11
     347      24       6
     348      29      16
     349      15       9
     350      17      10
     351      16      10
     352      24       5
     353      13       9
     354      26      10
     355      13      10
     356      15       6
     357      15       8
     358      14       9
     359      14      14
     360      11       9
     361      12       8
     362       5       7
     363      10       8
     364      11       7
     365      14       8
     366      10       7
     367      11       9
     368       5       7
     369      18      10
     370       7       8
     371      10      14
     372      12       8
     373      13       8
     374      12      11
     375      15      17
     376       9       7
     377       9      12
     378      16       6
     379      14      12
     380      17       9
     381       7      11
     382       4       9
     383       7      20
     384      11       8
     385       7       7
     386       6       7
     387      10      10
     388      11      10
     389      10       8
     390       9       8
     391      12      10
     392       3       8
     393       7      12
     394      12       9
     395       5      11
     396      12       9
     397       9       9
     398      10       8
     399       4       9
     400       7      15
     401       3      15
     402       3      14
     403       7       6
     404       5      13
     405      11       7
     406       8      13
     407      10      13
     408       9       9
     409       5      14
     410       7      15
     411       4      14
     412       4      13
     413       8      17
     414       6      16
     415       6      17
     416       3      16
     417       6       8
     418       8      11
     419       6      15
     420      10      21
     421       8      10
     422       7      13
     423       5      10
     424       6      17
     425       3      15
     426       9      16
     427      10      13
     428       3      18
     429       7      15
     430       7      12
     431      11      13
     432       7      14
     433       7      15
     434       1       9
     435       3      12
     436       7       9
     437       9       7
     438       9       7
     439       5       8
     440       9       8
     441       2      11
     442       6      12
     443       3      13
     444       5       6
     445      10       9
     446       3      14
     447       6      10
     448       6      15
     449       6      10
     450       3       6
     451       4       6
     452       5      10
     453       2      14
     454       6      12
     455       6       7
     456       9       9
     457       9       8
     458       2      10
     459       3       9
     460       7       9
     461       6      10
     462      10      11
     463       4      14
     464       2      11
     465       7       6
     466      13       3
     467       3      11
     468       7       9
     469       8       6
     470       3      12
     471      10      12
     472       9       9
     473       8       7
     474       4       8
     475       7       9
     476       5       4
     477       6       6
     478       8       7
     479       5       6
     480       6       9
     481       6       7
     482       4       2
     483       4       2
     484       9       3
     485       3       7
     486       6       9
     487       4       3
     488      10      11
     489       6      10
     490       6       5
     491       7       9
     492       6       9
     493       9       6
     494      11      13
     495       9       5
     496       7       7
     497       3       8
     498       5       5
     499       4      12
     500       4      21
     501      10       8
     502       4       9
     503       8      10
     504      10      15
     505      11      15
     506       8      13
     507       8      18
     508       8      20
     509       6      19
     510       9      12
     511       5      18
     512       9      23
     513      10      13
     514       6      17
     515       6      26
     516       5      20
     517       7      22
     518       9      22
     519       6      16
     520       4      29
     521      11      18
     522       3      18
     523       6      28
     524       6      17
     525      11      17
     526       6      24
     527       6      16
     528       4      15
     529       4      13
     530       8      11
     531       9      10
     532       3       9
     533       9      14
     534       4      10
     535       2       9
     536      14       5
     537       8       3
     538       3       8
     539       2       6
     540       1       4
     541      10       2
     542       4       2
     543       8       1
     544       6       1
     545       9       2
     546       7       2
     547       5       3
     548       5       0
     549       3       1
     550       7       2
     551       7       1
     552      11       0
     553       5       0
     554       4       0
     555       2       0
     556       3       0
     557      10       3
     558       4       0
     559       3       1
     560       3       2
     561       5       2
     562       7       0
     563       4       0
     564       2       1
     565       5       2
     566       5       0
     567       5       0
     568       4       1
     569       2       0
     570       3       0
     571       5       1
     572       3       2
     573       4       0
     574       3       2
     575       5       2
     576       2       1
     577       9       0
     578       1       0
     579       5       0
     580       2       1
     581       5       1
     582       2       0
     583       6       0
     584       7       2
     585       3       0
     586       3       0
     587       3       1
     588       3       0
     589       1       0
     590       5       0
     591       2       1
     592       6       0
     593       3       0
     594       4       1
     595       8       0
     596       6       1
     597       6       2
     598       5       0
     599       2       0
     600       2       0
     601       5       0
     602       9       0
     603       2       0
     604       7       0
     605       7       0
     606       3       0
     607       5       0
     608       5       0
     609       5       0
     610       4       0
     611       9       1
     612      10       0
     613       7       0
     614      10       0
     615       4       0
     616      11       0
     617       7       0
     618      12       0
     619       4       1
     620       8       0
     621       7       0
     622       9       0
     623      10       1
     624       5       0
     625       8       0
     626      10       0
     627      15       0
     628      15       0
     629       7       0
     630      13       1
     631       9       1
     632       8       0
     633      11       0
     634      10       0
     635      12       1
     636       9       1
     637      11       0
     638       9       0
     639       7       0
     640       6       0
     641       7       0
     642       6       2
     643      11       1
     644       3       0
     645       8       0
     646      10       2
     647       9       0
     648       4       0
     649      10       0
     650       6       0
     651       4       1
     652       4       2
     653       4       0
     654       2       0
     655       2       1
     656       4       0
     657       6       0
     658       3       1
     659       1       0
     660       1       0
     661       0       0
     662       2       0
     663       1       0
     664       2       1
     665       3       0
     666       0       0
     667       0       0
     668       2       0
     669       0       0
     670       0       0
     671       0       0
     672       1       0
     673       0       0
     674       0       0
     675       0       0
     676       0       0
     677       0       0
     678       0       0
     679       0       0
     680       0       0
     681       0       0
     682       1       0
     683       0       0
     684       0       0
     685       1       0
     686       0       0
     687       1       1
     688       0       2
     689       0       0
     690       0       0
     691       0       0
     692       0       0
     693       0       0
     694       0       0
     695       1       0
     696       0       0
     697       0       0
     698       1       0
     699       0       0
     700       1       0
     701       0       0
     702       0       0
     703       0       0
     704       0       0
     705       0       0
     706       0       0
     707       0       0
     708       0       0
     709       1       0
     710       0       0
     711       1       0
     712       1       0
     713       0       0
     714       1       0
     715       0       0
     716       0       0
     717       0       0
     718       0       0
     719       0       0
     720       0       0
     721       0       1
     722       0       0
     723       0       0
     724       0       0
     725       0       0
     726       0       0
     727       0       0
     728       0       0
     729       0       0
     730       0       0
     731       0       0
     732       0       0
     733       0       0
     734       0       0
     735       0       0
     736       0       0
     737       0       0
     738       0       0
     739       0       0
     740       0       0
     741       0       0
     742       0       0
     743       0       0
     744       0       0
     745       0       0
     746       0       1
     747       0       0
     748       0       0
     749       1       0
     750       0       0
     751       0       0
     752       0       0
     753       0       0
     754       0       0
     755       0       0
     756       0       0
     757       0       0
     758       0       0
     759       1       0
     760       1       0
     761       0       0
     762       0       0
     763       0       0
     764       0       0
     765       0       0
     766       0       0
     767       0       0
     768       0       0
     769       0       0
     770       0       0
     771       1       0
     772       0       0
     773       0       0
     774       0       0
     775       0       0
     776       0       0
     777       0       0
     778       0       1
     779       0       0
     780       1       0
     781       0       0
     782       0       0
     783       0       0
     784       0       0
     785       0       0
     786       0       0
     787       1       0
     788       0       0
     789       0       0
     790       0       0
     791       0       0
     792       0       0
     793       0       0
     794       0       0
     795       0       0
     796       0       0
     797       0       0
     798       0       0
     799       0       0
     800       0       0
     801       0       0
     802       0       0
     803       0       0
     804       0       0
     805       0       0
     806       0       0
     807       0       0
     808       0       0
     809       0       0
     810       0       0
     811       1       0
     812       0       0
     813       0       0
     814       0       0
     815       0       0
     816       0       0
     817       0       0
     818       0       0
     819       0       0
     820       0       0
     821       0       0
     822       0       0
     823       0       0
     824       0       0
     825       0       0
     826       0       0
     827       0       0
     828       0       0
     829       0       0
     830       0       0
     831       0       0
     832       0       0
     833       0       0
     834       0       0
     835       0       0
     836       0       0
     837       0       0
     838       0       0
     839       0       0
     840       0       0
     841       0       0
     842       0       0
     843       0       0
     844       0       0
     845       0       1
     846       0       1
     847       0       0
     848       0       0
     849       0       0
     850       0       0
     851       0       0
     852       0       0
     853       0       0
     854       0       0
     855       0       0
     856       0       0
     857       0       0
     858       0       0
     859       0       0
     860       0       0
     861       0       0
     862       0       0
     863       0       0
     864       0       0
     865       0       0
     866       0       0
     867       0       0
     868       0       0
     869       1       0
     870       0       0
     871       0       0
     872       0       0
     873       0       0
     874       0       0
     875       0       0
     876       0       0
     877       0       0
     878       0       0
     879       0       0
     880       0       0
     881       0       0
     882       0       0
     883       0       0
     884       0       0
     885       0       0
     886       0       0
     887       0       0
     888       0       0
     889       0       0
     890       0       0
     891       0       0
     892       0       0
     893       0       0
     894       0       0
     895       0       0
     896       0       0
     897       0       0
     898       0       0
     899       1       0
     900       0       0
     901       0       0
     902       0       0
     903       0       0
     904       0       0
     905       0       0
     906       0       0
     907       1       0
     908       0       0
     909       0       0
     910       0       0
     911       0       0
     912       0       0
     913       1       0
     914       0       0
     915       0       0
     916       0       0
     917       0       0
     918       0       0
     919       0       0
     920       0       0
     921       0       0
     922       0       0
     923       0       1
     924       0       0
     925       0       0
     926       0       0
     927       0       0
     928       0       0
     929       0       0
     930       0       0
     931       0       0
     932       0       0
     933       0       0
     934       0       0
     935       0       0
     936       0       0
     937       0       0
     938       0       0
     939       0       0
     940       0       0
     941       0       0
     942       0       0
     943       0       1
     944       0       0
     945       0       0
     946       0       0
     947       0       0
     948       0       0
     949       0       0
     950       0       0
     951       0       0
     952       1       0
     953       0       0
     954       0       0
     955       0       0
     956       0       0
     957       0       0
     958       0       0
     959       0       0
     960       0       0
     961       0       0
     962       0       0
     963       0       0
     964       0       0
     965       0       0
     966       0       0
     967       0       0
     968       0       0
     969       0       0
     970       0       0
     971       0       0
     972       1       0
     973       0       0
     974       0       0
     975       0       0
     976       0       0
     977       0       0
     978       0       0
     979       0       0
     980       0       0
     981       0       0
     982       0       0
     983       0       0
     984       0       0
     985       0       0
     986       0       0
     987       0       0
     988       0       0
     989       0       0
     990       0       0
     991       0       0
     992       0       0
     993       0       0
     994       0       0
     995       0       0
     996       0       0
     997       0       0
     998       0       0
     999       0       0
    1000       0       0
    1001       0       0
    1002       0       0
    1003       0       0
    1004       0       0
    1005       0       0
    1006       0       0
    1007       0       0
    1008       0       0
    1009       0       0
    1010       0       0
    1011       0       0
    1012       0       0
    1013       0       0
    1014       0       0
    1015       0       0
    1016       0       0
    1017       0       0
    1018       0       0
    1019       0       0
    1020       0       0
    1021       0       0
    1022       0       0
    1023       0       0
